$ 1 0.000005 10.20027730826997 50 5 43 5e-11
150 128 128 224 128 0 2 0 5
150 128 192 224 192 0 2 0 5
I 96 112 128 112 0 0.5 5
I 96 208 128 208 0 0.5 5
152 256 160 336 160 0 2 0 5
w 224 128 256 144 0
w 224 192 256 176 0
w 128 144 48 144 0
w 128 176 48 176 0
w 96 208 48 208 0
w 336 160 368 160 0
150 416 240 480 240 0 2 0 5
150 416 304 480 304 0 2 0 5
152 512 272 560 272 0 2 0 5
w 368 160 368 224 0
w 320 208 320 256 0
w 320 256 416 256 0
w 320 256 320 320 0
w 368 224 368 288 0
w 368 288 416 288 0
w 480 240 512 256 0
w 480 304 512 288 0
w 560 272 576 272 0
I 400 224 416 224 0 0.5 5
I 384 320 416 320 0 0.5 5
w 368 224 400 224 0
w 320 320 384 320 0
w 48 144 48 64 0
w 96 112 80 112 0
w 80 112 80 64 0
w 48 208 48 144 0
w 80 112 80 176 0
L 48 64 48 48 0 0 false 5 0
L 80 32 80 48 0 0 false 5 0
L 320 176 320 192 0 0 false 5 0
